(,,)
(1993,4,1.068)
(1993,4,1.079)
(1993,4,1.079)
(1993,4,1.086)
(1993,5,1.086)
(1993,5,1.097)
(1993,5,1.106)
(1993,5,1.106)
(1993,5,1.107)
(1993,6,1.104)
(1993,6,1.101)
(1993,6,1.095)
(1993,6,1.089)
(1993,7,1.086)
(1993,7,1.081)
(1993,7,1.075)
(1993,7,1.069)
(1993,8,1.062)
(1993,8,1.06)
(1993,8,1.059)
(1993,8,1.065)
(1993,8,1.062)
(1993,9,1.055)
(1993,9,1.051)
(1993,9,1.045)
(1993,9,1.047)
(1993,10,1.092)
(1993,10,1.09)
(1993,10,1.093)
(1993,10,1.092)
(1993,11,1.084)
(1993,11,1.075)
(1993,11,1.064)
(1993,11,1.058)
(1993,11,1.051)
(1993,12,1.036)
(1993,12,1.018)
(1993,12,1.003)
(1993,12,0.999)
(1994,1,0.992)
(1994,1,0.995)
(1994,1,1.001)
(1994,1,0.999)
(1994,1,1.005)
(1994,2,1.007)
(1994,2,1.016)
(1994,2,1.009)
(1994,2,1.004)
(1994,3,1.007)
(1994,3,1.005)
(1994,3,1.007)
(1994,3,1.012)
(1994,4,1.011)
(1994,4,1.028)
(1994,4,1.033)
(1994,4,1.037)
(1994,5,1.04)
(1994,5,1.045)
(1994,5,1.046)
(1994,5,1.05)
(1994,5,1.056)
(1994,6,1.065)
(1994,6,1.073)
(1994,6,1.079)
(1994,6,1.095)
(1994,7,1.097)
(1994,7,1.103)
(1994,7,1.109)
(1994,7,1.114)
(1994,8,1.13)
(1994,8,1.157)
(1994,8,1.161)
(1994,8,1.165)
(1994,8,1.161)
(1994,9,1.156)
(1994,9,1.15)
(1994,9,1.14)
(1994,9,1.129)
(1994,10,1.12)
(1994,10,1.114)
(1994,10,1.106)
(1994,10,1.107)
(1994,10,1.121)
(1994,11,1.123)
(1994,11,1.122)
(1994,11,1.113)
(1994,11,1.117)
(1994,12,1.127)
(1994,12,1.131)
(1994,12,1.134)
(1994,12,1.125)
(1995,1,1.127)
(1995,1,1.134)
(1995,1,1.126)
(1995,1,1.132)
(1995,1,1.131)
(1995,2,1.124)
(1995,2,1.121)
(1995,2,1.115)
(1995,2,1.121)
(1995,3,1.123)
(1995,3,1.116)
(1995,3,1.114)
(1995,3,1.121)
(1995,4,1.133)
(1995,4,1.149)
(1995,4,1.163)
(1995,4,1.184)
(1995,5,1.194)
(1995,5,1.216)
(1995,5,1.226)
(1995,5,1.244)
(1995,5,1.246)
(1995,6,1.246)
(1995,6,1.243)
(1995,6,1.236)
(1995,6,1.229)
(1995,7,1.222)
(1995,7,1.212)
(1995,7,1.2)
(1995,7,1.191)
(1995,7,1.179)
(1995,8,1.174)
(1995,8,1.172)
(1995,8,1.171)
(1995,8,1.163)
(1995,9,1.16)
(1995,9,1.158)
(1995,9,1.157)
(1995,9,1.156)
(1995,10,1.151)
(1995,10,1.144)
(1995,10,1.133)
(1995,10,1.125)
(1995,10,1.115)
(1995,11,1.112)
(1995,11,1.109)
(1995,11,1.106)
(1995,11,1.107)
(1995,12,1.108)
(1995,12,1.11)
(1995,12,1.124)
(1995,12,1.128)
(1996,1,1.129)
(1996,1,1.139)
(1996,1,1.145)
(1996,1,1.138)
(1996,1,1.133)
(1996,2,1.13)
(1996,2,1.126)
(1996,2,1.133)
(1996,2,1.153)
(1996,3,1.17)
(1996,3,1.171)
(1996,3,1.181)
(1996,3,1.21)
(1996,4,1.223)
(1996,4,1.248)
(1996,4,1.287)
(1996,4,1.301)
(1996,4,1.318)
(1996,5,1.321)
(1996,5,1.323)
(1996,5,1.33)
(1996,5,1.321)
(1996,6,1.315)
(1996,6,1.307)
(1996,6,1.302)
(1996,6,1.289)
(1996,7,1.279)
(1996,7,1.276)
(1996,7,1.273)
(1996,7,1.272)
(1996,7,1.263)
(1996,8,1.253)
(1996,8,1.248)
(1996,8,1.249)
(1996,8,1.253)
(1996,9,1.242)
(1996,9,1.247)
(1996,9,1.25)
(1996,9,1.251)
(1996,9,1.245)
(1996,10,1.239)
(1996,10,1.248)
(1996,10,1.249)
(1996,10,1.26)
(1996,11,1.268)
(1996,11,1.272)
(1996,11,1.282)
(1996,11,1.289)
(1996,12,1.287)
(1996,12,1.287)
(1996,12,1.283)
(1996,12,1.278)
(1996,12,1.274)
(1997,1,1.272)
(1997,1,1.287)
(1997,1,1.287)
(1997,1,1.284)
(1997,2,1.282)
(1997,2,1.28)
(1997,2,1.273)
(1997,2,1.27)
(1997,3,1.261)
(1997,3,1.253)
(1997,3,1.246)
(1997,3,1.25)
(1997,3,1.246)
(1997,4,1.248)
(1997,4,1.244)
(1997,4,1.245)
(1997,4,1.24)
(1997,5,1.238)
(1997,5,1.238)
(1997,5,1.247)
(1997,5,1.255)
(1997,6,1.258)
(1997,6,1.251)
(1997,6,1.242)
(1997,6,1.232)
(1997,6,1.226)
(1997,7,1.222)
(1997,7,1.219)
(1997,7,1.222)
(1997,7,1.216)
(1997,8,1.237)
(1997,8,1.272)
(1997,8,1.274)
(1997,8,1.288)
(1997,9,1.287)
(1997,9,1.288)
(1997,9,1.281)
(1997,9,1.269)
(1997,9,1.255)
(1997,10,1.254)
(1997,10,1.248)
(1997,10,1.238)
(1997,10,1.228)
(1997,11,1.221)
(1997,11,1.222)
(1997,11,1.213)
(1997,11,1.207)
(1997,12,1.197)
(1997,12,1.187)
(1997,12,1.176)
(1997,12,1.167)
(1997,12,1.158)
(1998,1,1.148)
(1998,1,1.14)
(1998,1,1.129)
(1998,1,1.112)
(1998,2,1.108)
(1998,2,1.101)
(1998,2,1.085)
(1998,2,1.09)
(1998,3,1.075)
(1998,3,1.065)
(1998,3,1.055)
(1998,3,1.047)
(1998,3,1.077)
(1998,4,1.074)
(1998,4,1.072)
(1998,4,1.075)
(1998,4,1.086)
(1998,5,1.095)
(1998,5,1.109)
(1998,5,1.109)
(1998,5,1.108)
(1998,6,1.104)
(1998,6,1.113)
(1998,6,1.104)
(1998,6,1.096)
(1998,6,1.096)
(1998,7,1.097)
(1998,7,1.092)
(1998,7,1.097)
(1998,7,1.088)
(1998,8,1.077)
(1998,8,1.072)
(1998,8,1.065)
(1998,8,1.058)
(1998,8,1.053)
(1998,9,1.046)
(1998,9,1.042)
(1998,9,1.053)
(1998,9,1.053)
(1998,10,1.059)
(1998,10,1.063)
(1998,10,1.058)
(1998,10,1.055)
(1998,11,1.05)
(1998,11,1.048)
(1998,11,1.037)
(1998,11,1.03)
(1998,11,1.015)
(1998,12,0.996)
(1998,12,0.987)
(1998,12,0.986)
(1998,12,0.979)
(1999,1,0.977)
(1999,1,0.982)
(1999,1,0.985)
(1999,1,0.977)
(1999,2,0.971)
(1999,2,0.968)
(1999,2,0.96)
(1999,2,0.949)
(1999,3,0.955)
(1999,3,0.963)
(1999,3,1.017)
(1999,3,1.056)
(1999,3,1.121)
(1999,4,1.158)
(1999,4,1.179)
(1999,4,1.175)
(1999,4,1.171)
(1999,5,1.176)
(1999,5,1.18)
(1999,5,1.18)
(1999,5,1.166)
(1999,5,1.151)
(1999,6,1.152)
(1999,6,1.148)
(1999,6,1.163)
(1999,6,1.153)
(1999,7,1.165)
(1999,7,1.182)
(1999,7,1.208)
(1999,7,1.232)
(1999,8,1.234)
(1999,8,1.246)
(1999,8,1.275)
(1999,8,1.273)
(1999,8,1.273)
(1999,9,1.282)
(1999,9,1.29)
(1999,9,1.307)
(1999,9,1.302)
(1999,10,1.296)
(1999,10,1.29)
(1999,10,1.277)
(1999,10,1.277)
(1999,11,1.271)
(1999,11,1.274)
(1999,11,1.292)
(1999,11,1.309)
(1999,11,1.315)
(1999,12,1.313)
(1999,12,1.315)
(1999,12,1.31)
(1999,12,1.314)
(2000,1,1.312)
(2000,1,1.304)
(2000,1,1.318)
(2000,1,1.354)
(2000,1,1.355)
(2000,2,1.364)
(2000,2,1.394)
(2000,2,1.443)
(2000,2,1.458)
(2000,3,1.539)
(2000,3,1.566)
(2000,3,1.569)
(2000,3,1.549)
(2000,4,1.543)
(2000,4,1.516)
(2000,4,1.486)
(2000,4,1.478)
(2000,5,1.461)
(2000,5,1.495)
(2000,5,1.531)
(2000,5,1.566)
(2000,5,1.579)
(2000,6,1.599)
(2000,6,1.664)
(2000,6,1.711)
(2000,6,1.691)
(2000,7,1.661)
(2000,7,1.63)
(2000,7,1.586)
(2000,7,1.562)
(2000,7,1.514)
(2000,8,1.504)
(2000,8,1.489)
(2000,8,1.508)
(2000,8,1.521)
(2000,9,1.568)
(2000,9,1.598)
(2000,9,1.599)
(2000,9,1.586)
(2000,10,1.563)
(2000,10,1.541)
(2000,10,1.578)
(2000,10,1.588)
(2000,10,1.584)
(2000,11,1.565)
(2000,11,1.562)
(2000,11,1.55)
(2000,11,1.549)
(2000,12,1.526)
(2000,12,1.49)
(2000,12,1.462)
(2000,12,1.453)
(2001,1,1.446)
(2001,1,1.465)
(2001,1,1.513)
(2001,1,1.511)
(2001,1,1.5)
(2001,2,1.483)
(2001,2,1.515)
(2001,2,1.489)
(2001,2,1.471)
(2001,3,1.457)
(2001,3,1.453)
(2001,3,1.444)
(2001,3,1.445)
(2001,4,1.482)
(2001,4,1.54)
(2001,4,1.61)
(2001,4,1.658)
(2001,4,1.665)
(2001,5,1.739)
(2001,5,1.748)
(2001,5,1.724)
(2001,5,1.739)
(2001,6,1.715)
(2001,6,1.688)
(2001,6,1.644)
(2001,6,1.583)
(2001,7,1.52)
(2001,7,1.484)
(2001,7,1.459)
(2001,7,1.44)
(2001,7,1.428)
(2001,8,1.419)
(2001,8,1.434)
(2001,8,1.467)
(2001,8,1.523)
(2001,9,1.579)
(2001,9,1.562)
(2001,9,1.564)
(2001,9,1.522)
(2001,10,1.455)
(2001,10,1.393)
(2001,10,1.351)
(2001,10,1.307)
(2001,10,1.277)
(2001,11,1.249)
(2001,11,1.224)
(2001,11,1.208)
(2001,11,1.168)
(2001,12,1.149)
(2001,12,1.136)
(2001,12,1.101)
(2001,12,1.113)
(2001,12,1.137)
(2002,1,1.152)
(2002,1,1.152)
(2002,1,1.146)
(2002,1,1.142)
(2002,2,1.157)
(2002,2,1.148)
(2002,2,1.157)
(2002,2,1.157)
(2002,3,1.185)
(2002,3,1.262)
(2002,3,1.328)
(2002,3,1.382)
(2002,4,1.412)
(2002,4,1.454)
(2002,4,1.446)
(2002,4,1.446)
(2002,4,1.435)
(2002,5,1.437)
(2002,5,1.431)
(2002,5,1.439)
(2002,5,1.429)
(2002,6,1.433)
(2002,6,1.417)
(2002,6,1.419)
(2002,6,1.425)
(2002,7,1.433)
(2002,7,1.423)
(2002,7,1.435)
(2002,7,1.451)
(2002,7,1.447)
(2002,8,1.437)
(2002,8,1.435)
(2002,8,1.434)
(2002,8,1.444)
(2002,9,1.436)
(2002,9,1.437)
(2002,9,1.442)
(2002,9,1.436)
(2002,9,1.455)
(2002,10,1.48)
(2002,10,1.481)
(2002,10,1.499)
(2002,10,1.485)
(2002,11,1.489)
(2002,11,1.48)
(2002,11,1.451)
(2002,11,1.423)
(2002,12,1.408)
(2002,12,1.404)
(2002,12,1.407)
(2002,12,1.443)
(2002,12,1.484)
(2003,1,1.487)
(2003,1,1.496)
(2003,1,1.502)
(2003,1,1.515)
(2003,2,1.569)
(2003,2,1.649)
(2003,2,1.701)
(2003,2,1.699)
(2003,3,1.726)
(2003,3,1.752)
(2003,3,1.768)
(2003,3,1.732)
(2003,3,1.692)
(2003,4,1.673)
(2003,4,1.639)
(2003,4,1.618)
(2003,4,1.6)
(2003,5,1.556)
(2003,5,1.534)
(2003,5,1.539)
(2003,5,1.528)
(2003,6,1.514)
(2003,6,1.53)
(2003,6,1.558)
(2003,6,1.537)
(2003,6,1.528)
(2003,7,1.53)
(2003,7,1.563)
(2003,7,1.566)
(2003,7,1.558)
(2003,8,1.576)
(2003,8,1.611)
(2003,8,1.668)
(2003,8,1.787)
(2003,9,1.786)
(2003,9,1.758)
(2003,9,1.739)
(2003,9,1.686)
(2003,9,1.635)
(2003,10,1.617)
(2003,10,1.611)
(2003,10,1.612)
(2003,10,1.584)
(2003,11,1.577)
(2003,11,1.547)
(2003,11,1.54)
(2003,11,1.554)
(2003,12,1.533)
(2003,12,1.519)
(2003,12,1.509)
(2003,12,1.528)
(2003,12,1.521)
(2004,1,1.552)
(2004,1,1.603)
(2004,1,1.637)
(2004,1,1.664)
(2004,2,1.66)
(2004,2,1.681)
(2004,2,1.69)
(2004,2,1.73)
(2004,3,1.758)
(2004,3,1.78)
(2004,3,1.767)
(2004,3,1.785)
(2004,3,1.8)
(2004,4,1.822)
(2004,4,1.827)
(2004,4,1.853)
(2004,4,1.853)
(2004,5,1.884)
(2004,5,1.979)
(2004,5,2.055)
(2004,5,2.104)
(2004,5,2.092)
(2004,6,2.075)
(2004,6,2.029)
(2004,6,1.981)
(2004,6,1.965)
(2004,7,1.939)
(2004,7,1.959)
(2004,7,1.971)
(2004,7,1.948)
(2004,8,1.93)
(2004,8,1.92)
(2004,8,1.917)
(2004,8,1.926)
(2004,8,1.909)
(2004,9,1.893)
(2004,9,1.889)
(2004,9,1.908)
(2004,9,1.959)
(2004,10,1.98)
(2004,10,2.035)
(2004,10,2.077)
(2004,10,2.074)
(2004,11,2.076)
(2004,11,2.045)
(2004,11,2.014)
(2004,11,1.992)
(2004,11,1.989)
(2004,12,1.956)
(2004,12,1.893)
(2004,12,1.861)
(2004,12,1.838)
(2005,1,1.824)
(2005,1,1.837)
(2005,1,1.863)
(2005,1,1.896)
(2005,1,1.953)
(2005,2,1.952)
(2005,2,1.941)
(2005,2,1.948)
(2005,2,1.969)
(2005,3,2.04)
(2005,3,2.098)
(2005,3,2.149)
(2005,3,2.194)
(2005,4,2.258)
(2005,4,2.321)
(2005,4,2.28)
(2005,4,2.279)
(2005,5,2.277)
(2005,5,2.231)
(2005,5,2.206)
(2005,5,2.169)
(2005,5,2.141)
(2005,6,2.159)
(2005,6,2.173)
(2005,6,2.204)
(2005,6,2.257)
(2005,7,2.268)
(2005,7,2.369)
(2005,7,2.36)
(2005,7,2.333)
(2005,8,2.335)
(2005,8,2.41)
(2005,8,2.592)
(2005,8,2.654)
(2005,8,2.653)
(2005,9,3.117)
(2005,9,3.002)
(2005,9,2.835)
(2005,9,2.851)
(2005,10,2.975)
(2005,10,2.896)
(2005,10,2.775)
(2005,10,2.652)
(2005,10,2.528)
(2005,11,2.424)
(2005,11,2.342)
(2005,11,2.247)
(2005,11,2.2)
(2005,12,2.191)
(2005,12,2.228)
(2005,12,2.255)
(2005,12,2.241)
(2006,1,2.281)
(2006,1,2.371)
(2006,1,2.366)
(2006,1,2.382)
(2006,1,2.402)
(2006,2,2.388)
(2006,2,2.331)
(2006,2,2.286)
(2006,2,2.298)
(2006,3,2.373)
(2006,3,2.408)
(2006,3,2.548)
(2006,3,2.542)
(2006,4,2.631)
(2006,4,2.727)
(2006,4,2.828)
(2006,4,2.96)
(2006,5,2.966)
(2006,5,2.955)
(2006,5,2.992)
(2006,5,2.938)
(2006,5,2.913)
(2006,6,2.937)
(2006,6,2.951)
(2006,6,2.917)
(2006,6,2.914)
(2006,7,2.979)
(2006,7,3.017)
(2006,7,3.033)
(2006,7,3.048)
(2006,7,3.05)
(2006,8,3.083)
(2006,8,3.047)
(2006,8,2.971)
(2006,8,2.893)
(2006,9,2.777)
(2006,9,2.67)
(2006,9,2.549)
(2006,9,2.429)
(2006,10,2.36)
(2006,10,2.31)
(2006,10,2.274)
(2006,10,2.255)
(2006,10,2.264)
(2006,11,2.246)
(2006,11,2.278)
(2006,11,2.285)
(2006,11,2.292)
(2006,12,2.342)
(2006,12,2.34)
(2006,12,2.366)
(2006,12,2.387)
(2007,1,2.382)
(2007,1,2.354)
(2007,1,2.28)
(2007,1,2.216)
(2007,1,2.213)
(2007,2,2.237)
(2007,2,2.287)
(2007,2,2.341)
(2007,2,2.428)
(2007,3,2.551)
(2007,3,2.605)
(2007,3,2.623)
(2007,3,2.655)
(2007,4,2.753)
(2007,4,2.848)
(2007,4,2.922)
(2007,4,2.917)
(2007,4,3.017)
(2007,5,3.097)
(2007,5,3.143)
(2007,5,3.258)
(2007,5,3.25)
(2007,6,3.2)
(2007,6,3.122)
(2007,6,3.057)
(2007,6,3.029)
(2007,7,3.005)
(2007,7,3.026)
(2007,7,3.092)
(2007,7,3.005)
(2007,7,2.926)
(2007,8,2.888)
(2007,8,2.821)
(2007,8,2.832)
(2007,8,2.796)
(2007,9,2.84)
(2007,9,2.862)
(2007,9,2.835)
(2007,9,2.86)
(2007,10,2.838)
(2007,10,2.821)
(2007,10,2.813)
(2007,10,2.873)
(2007,10,2.921)
(2007,11,3.06)
(2007,11,3.158)
(2007,11,3.148)
(2007,11,3.147)
(2007,12,3.113)
(2007,12,3.053)
(2007,12,3.05)
(2007,12,3.032)
(2007,12,3.104)
(2008,1,3.159)
(2008,1,3.119)
(2008,1,3.07)
(2008,1,3.03)
(2008,2,3.03)
(2008,2,3.011)
(2008,2,3.092)
(2008,2,3.18)
(2008,3,3.212)
(2008,3,3.273)
(2008,3,3.332)
(2008,3,3.31)
(2008,3,3.339)
(2008,4,3.381)
(2008,4,3.438)
(2008,4,3.557)
(2008,4,3.653)
(2008,5,3.663)
(2008,5,3.771)
(2008,5,3.84)
(2008,5,3.986)
(2008,6,4.026)
(2008,6,4.09)
(2008,6,4.134)
(2008,6,4.131)
(2008,6,4.146)
(2008,7,4.165)
(2008,7,4.164)
(2008,7,4.118)
(2008,7,4.01)
(2008,8,3.935)
(2008,8,3.864)
(2008,8,3.794)
(2008,8,3.738)
(2008,9,3.733)
(2008,9,3.701)
(2008,9,3.887)
(2008,9,3.772)
(2008,9,3.687)
(2008,10,3.543)
(2008,10,3.213)
(2008,10,2.974)
(2008,10,2.718)
(2008,11,2.462)
(2008,11,2.284)
(2008,11,2.132)
(2008,11,1.952)
(2008,12,1.87)
(2008,12,1.758)
(2008,12,1.716)
(2008,12,1.71)
(2008,12,1.67)
(2009,1,1.737)
(2009,1,1.835)
(2009,1,1.898)
(2009,1,1.89)
(2009,2,1.944)
(2009,2,1.978)
(2009,2,2.016)
(2009,2,1.963)
(2009,3,1.988)
(2009,3,1.993)
(2009,3,1.964)
(2009,3,2.014)
(2009,3,2.097)
(2009,4,2.09)
(2009,4,2.104)
(2009,4,2.112)
(2009,4,2.102)
(2009,5,2.129)
(2009,5,2.29)
(2009,5,2.36)
(2009,5,2.485)
(2009,6,2.572)
(2009,6,2.673)
(2009,6,2.722)
(2009,6,2.743)
(2009,6,2.695)
(2009,7,2.666)
(2009,7,2.584)
(2009,7,2.519)
(2009,7,2.557)
(2009,8,2.61)
(2009,8,2.7)
(2009,8,2.691)
(2009,8,2.682)
(2009,8,2.667)
(2009,9,2.642)
(2009,9,2.632)
(2009,9,2.607)
(2009,9,2.554)
(2009,10,2.523)
(2009,10,2.543)
(2009,10,2.626)
(2009,10,2.727)
(2009,11,2.746)
(2009,11,2.72)
(2009,11,2.684)
(2009,11,2.694)
(2009,11,2.684)
(2009,12,2.689)
(2009,12,2.655)
(2009,12,2.645)
(2009,12,2.662)
(2010,1,2.718)
(2010,1,2.804)
(2010,1,2.793)
(2010,1,2.76)
(2010,2,2.717)
(2010,2,2.707)
(2010,2,2.664)
(2010,2,2.709)
(2010,3,2.756)
(2010,3,2.804)
(2010,3,2.841)
(2010,3,2.87)
(2010,3,2.851)
(2010,4,2.877)
(2010,4,2.909)
(2010,4,2.911)
(2010,4,2.901)
(2010,5,2.95)
(2010,5,2.958)
(2010,5,2.918)
(2010,5,2.842)
(2010,5,2.784)
(2010,6,2.78)
(2010,6,2.756)
(2010,6,2.795)
(2010,6,2.809)
(2010,7,2.779)
(2010,7,2.771)
(2010,7,2.775)
(2010,7,2.801)
(2010,8,2.788)
(2010,8,2.835)
(2010,8,2.798)
(2010,8,2.759)
(2010,8,2.736)
(2010,9,2.735)
(2010,9,2.772)
(2010,9,2.775)
(2010,9,2.747)
(2010,10,2.784)
(2010,10,2.871)
(2010,10,2.887)
(2010,10,2.87)
(2010,11,2.861)
(2010,11,2.917)
(2010,11,2.944)
(2010,11,2.931)
(2010,11,2.912)
(2010,12,3.013)
(2010,12,3.035)
(2010,12,3.037)
(2010,12,3.106)
(2011,1,3.124)
(2011,1,3.142)
(2011,1,3.158)
(2011,1,3.163)
(2011,1,3.155)
(2011,2,3.185)
(2011,2,3.193)
(2011,2,3.243)
(2011,2,3.435)
(2011,3,3.572)
(2011,3,3.621)
(2011,3,3.617)
(2011,3,3.65)
(2011,4,3.737)
(2011,4,3.843)
(2011,4,3.896)
(2011,4,3.932)
(2011,5,4.014)
(2011,5,4.018)
(2011,5,4.014)
(2011,5,3.904)
(2011,5,3.848)
(2011,6,3.833)
(2011,6,3.767)
(2011,6,3.708)
(2011,6,3.631)
(2011,7,3.634)
(2011,7,3.695)
(2011,7,3.736)
(2011,7,3.754)
(2011,8,3.766)
(2011,8,3.73)
(2011,8,3.662)
(2011,8,3.638)
(2011,8,3.682)
(2011,9,3.727)
(2011,9,3.715)
(2011,9,3.657)
(2011,9,3.568)
(2011,10,3.492)
(2011,10,3.476)
(2011,10,3.533)
(2011,10,3.52)
(2011,10,3.511)
(2011,11,3.482)
(2011,11,3.495)
(2011,11,3.427)
(2011,11,3.368)
(2011,12,3.35)
(2011,12,3.346)
(2011,12,3.29)
(2011,12,3.317)
(2012,1,3.358)
(2012,1,3.441)
(2012,1,3.451)
(2012,1,3.45)
(2012,1,3.5)
(2012,2,3.542)
(2012,2,3.584)
(2012,2,3.652)
(2012,2,3.78)
(2012,3,3.849)
(2012,3,3.884)
(2012,3,3.923)
(2012,3,3.973)
(2012,4,3.996)
(2012,4,3.997)
(2012,4,3.98)
(2012,4,3.929)
(2012,4,3.889)
(2012,5,3.849)
(2012,5,3.814)
(2012,5,3.773)
(2012,5,3.728)
(2012,6,3.671)
(2012,6,3.629)
(2012,6,3.589)
(2012,6,3.494)
(2012,7,3.415)
(2012,7,3.469)
(2012,7,3.485)
(2012,7,3.554)
(2012,7,3.568)
(2012,8,3.702)
(2012,8,3.779)
(2012,8,3.803)
(2012,8,3.837)
(2012,9,3.903)
(2012,9,3.907)
(2012,9,3.939)
(2012,9,3.889)
(2012,10,3.866)
(2012,10,3.914)
(2012,10,3.886)
(2012,10,3.756)
(2012,10,3.638)
(2012,11,3.563)
(2012,11,3.518)
(2012,11,3.497)
(2012,11,3.505)
(2012,12,3.463)
(2012,12,3.419)
(2012,12,3.324)
(2012,12,3.328)
(2012,12,3.369)
(2013,1,3.373)
(2013,1,3.377)
(2013,1,3.386)
(2013,1,3.427)
(2013,2,3.604)
(2013,2,3.677)
(2013,2,3.812)
(2013,2,3.851)
(2013,3,3.826)
(2013,3,3.779)
(2013,3,3.764)
(2013,3,3.746)
(2013,4,3.714)
(2013,4,3.676)
(2013,4,3.611)
(2013,4,3.603)
(2013,4,3.587)
(2013,5,3.602)
(2013,5,3.665)
(2013,5,3.729)
(2013,5,3.704)
(2013,6,3.705)
(2013,6,3.715)
(2013,6,3.689)
(2013,6,3.645)
(2013,7,3.567)
(2013,7,3.563)
(2013,7,3.706)
(2013,7,3.751)
(2013,7,3.716)
(2013,8,3.701)
(2013,8,3.633)
(2013,8,3.622)
(2013,8,3.623)
(2013,9,3.678)
(2013,9,3.658)
(2013,9,3.619)
(2013,9,3.567)
(2013,9,3.499)
(2013,10,3.441)
(2013,10,3.43)
(2013,10,3.435)
(2013,10,3.372)
(2013,11,3.343)
(2013,11,3.274)
(2013,11,3.298)
(2013,11,3.372)
(2013,12,3.353)
(2013,12,3.35)
(2013,12,3.321)
(2013,12,3.351)
(2013,12,3.409)
(2014,1,3.411)
(2014,1,3.406)
(2014,1,3.376)
(2014,1,3.375)
(2014,2,3.372)
(2014,2,3.388)
(2014,2,3.457)
(2014,2,3.52)
(2014,3,3.553)
(2014,3,3.584)
(2014,3,3.619)
(2014,3,3.622)
(2014,3,3.651)
(2014,4,3.67)
(2014,4,3.725)
(2014,4,3.758)
(2014,4,3.788)
(2014,5,3.761)
(2014,5,3.746)
(2014,5,3.743)
(2014,5,3.75)
(2014,6,3.765)
(2014,6,3.749)
(2014,6,3.76)
(2014,6,3.778)
(2014,6,3.778)
(2014,7,3.753)
(2014,7,3.712)
(2014,7,3.671)
(2014,7,3.617)
(2014,8,3.595)
(2014,8,3.582)
(2014,8,3.549)
(2014,8,3.532)
(2014,9,3.536)
(2014,9,3.534)
(2014,9,3.485)
(2014,9,3.432)
(2014,9,3.434)
(2014,10,3.382)
(2014,10,3.292)
(2014,10,3.205)
(2014,10,3.139)
(2014,11,3.077)
(2014,11,3.025)
(2014,11,2.978)
(2014,11,2.907)
(2014,12,2.864)
(2014,12,2.767)
(2014,12,2.643)
(2014,12,2.496)
(2014,12,2.392)
(2015,1,2.308)
(2015,1,2.232)
(2015,1,2.157)
(2015,1,2.133)
(2015,2,2.154)
(2015,2,2.276)
(2015,2,2.358)
(2015,2,2.415)
(2015,3,2.556)
(2015,3,2.57)
(2015,3,2.537)
(2015,3,2.538)
(2015,3,2.531)
(2015,4,2.499)
(2015,4,2.494)
(2015,4,2.57)
(2015,4,2.656)
(2015,5,2.749)
(2015,5,2.776)
(2015,5,2.827)
(2015,5,2.857)
(2015,6,2.863)
(2015,6,2.863)
(2015,6,2.918)
(2015,6,2.895)
(2015,6,2.885)
(2015,7,2.877)
(2015,7,2.92)
(2015,7,2.888)
(2015,7,2.833)
(2015,8,2.779)
(2015,8,2.72)
(2015,8,2.803)
(2015,8,2.726)
(2015,8,2.602)
(2015,9,2.532)
(2015,9,2.471)
(2015,9,2.425)
(2015,9,2.418)
(2015,10,2.415)
(2015,10,2.432)
(2015,10,2.374)
(2015,10,2.326)
(2015,11,2.322)
(2015,11,2.335)
(2015,11,2.281)
(2015,11,2.198)
(2015,11,2.165)
(2015,12,2.159)
(2015,12,2.144)
(2015,12,2.133)
(2015,12,2.141)
(2016,1,2.135)
(2016,1,2.104)
(2016,1,2.022)
(2016,1,1.965)
(2016,2,1.932)
(2016,2,1.87)
(2016,2,1.834)
(2016,2,1.837)
(2016,2,1.887)
(2016,3,1.943)
(2016,3,2.062)
(2016,3,2.109)
(2016,3,2.169)
(2016,4,2.185)
(2016,4,2.173)
(2016,4,2.24)
(2016,4,2.265)
(,,)
(,,)
(,,)
