[1994, 1, 2, 0.011266666666666758]
[1994, 2, 3, -0.0016666666666669272]
[1994, 3, 4, 0.024666666666666837]
[1994, 4, 5, 0.016583333333333394]
[1994, 5, 6, 0.03308333333333335]
[1994, 6, 7, 0.026333333333333098]
[1994, 7, 8, 0.052333333333333565]
[1994, 8, 9, -0.021333333333333426]
[1994, 9, 10, -0.027666666666666506]
[1994, 10, 11, 0.005333333333333412]
[1994, 11, 12, 0.012666666666666382]
[1995, 12, 1, 0.0007500000000000284]
[1995, 1, 2, -0.011749999999999927]
[1995, 2, 3, -0.0019999999999997797]
[1995, 3, 4, 0.04833333333333334]
[1995, 4, 5, 0.06766666666666654]
[1995, 5, 6, 0.0029999999999998916]
[1995, 6, 7, -0.04049999999999998]
[1995, 7, 8, -0.026833333333333265]
[1995, 8, 9, -0.011666666666666714]
[1995, 9, 10, -0.02774999999999994]
[1995, 10, 11, -0.021916666666666806]
[1995, 11, 12, 0.01333333333333342]
[1996, 12, 1, 0.01808333333333323]
[1996, 1, 2, -0.0014166666666666217]
[1996, 2, 3, 0.050000000000000044]
[1996, 3, 4, 0.10116666666666663]
[1996, 4, 5, 0.03616666666666668]
[1996, 5, 6, -0.02533333333333343]
[1996, 6, 7, -0.02833333333333332]
[1996, 7, 8, -0.020999999999999908]
[1996, 8, 9, -0.0017499999999999183]
[1996, 9, 10, 0.004083333333333217]
[1996, 10, 11, 0.028666666666666618]
[1996, 11, 12, -0.0004999999999999449]
[1997, 12, 1, 0.005499999999999838]
[1997, 1, 2, -0.011666666666666492]
[1997, 2, 3, -0.025583333333333513]
[1997, 3, 4, -0.0057499999999997]
[1997, 4, 5, 0.003666666666666707]
[1997, 5, 6, -0.008916666666666906]
[1997, 6, 7, -0.018749999999999822]
[1997, 7, 8, 0.05900000000000016]
[1997, 8, 9, -0.004750000000000254]
[1997, 9, 10, -0.035250000000000226]
[1997, 10, 11, -0.023999999999999577]
[1997, 11, 12, -0.04200000000000004]
[1998, 12, 1, -0.04500000000000015]
[1998, 1, 2, -0.03500000000000014]
[1998, 2, 3, -0.030999999999999917]
[1998, 3, 4, 0.01666666666666683]
[1998, 4, 5, 0.030999999999999917]
[1998, 5, 6, -0.006416666666666515]
[1998, 6, 7, -0.009916666666666796]
[1998, 7, 8, -0.030333333333333323]
[1998, 8, 9, -0.012666666666666826]
[1998, 9, 10, 0.009333333333333416]
[1998, 10, 11, -0.02616666666666667]
[1998, 11, 12, -0.04849999999999999]
[1999, 12, 1, -0.002666666666666706]
[1999, 1, 2, -0.022333333333333316]
[1999, 2, 3, 0.08025000000000004]
[1999, 3, 4, 0.13575000000000004]
[1999, 4, 5, -0.005750000000000144]
[1999, 5, 6, -0.01458333333333317]
[1999, 6, 7, 0.05266666666666664]
[1999, 7, 8, 0.05941666666666645]
[1999, 8, 9, 0.03291666666666693]
[1999, 9, 10, -0.018333333333333313]
[1999, 10, 11, 0.01616666666666644]
[1999, 11, 12, 0.01550000000000007]
[2000, 12, 1, 0.019749999999999934]
[2000, 1, 2, 0.09891666666666676]
[2000, 2, 3, 0.12966666666666637]
[2000, 3, 4, -0.06799999999999984]
[2000, 4, 5, 0.049416666666666664]
[2000, 5, 6, 0.1459166666666667]
[2000, 6, 7, -0.11566666666666636]
[2000, 7, 8, -0.06700000000000017]
[2000, 8, 9, 0.08833333333333337]
[2000, 9, 10, -0.021583333333333288]
[2000, 10, 11, -0.019083333333333563]
[2000, 11, 12, -0.08533333333333304]
[2001, 12, 1, 0.02891666666666648]
[2001, 1, 2, -0.005583333333333496]
[2001, 2, 3, -0.04433333333333289]
[2001, 3, 4, 0.17091666666666638]
[2001, 4, 5, 0.11875000000000013]
[2001, 5, 6, -0.09866666666666668]
[2001, 6, 7, -0.18558333333333343]
[2001, 7, 8, 0.021916666666666584]
[2001, 8, 9, 0.07466666666666688]
[2001, 9, 10, -0.21733333333333338]
[2001, 10, 11, -0.13200000000000012]
[2001, 11, 12, -0.07824999999999993]
[2002, 12, 1, 0.024916666666666698]
[2002, 1, 2, 0.007333333333333192]
[2002, 2, 3, 0.16999999999999993]
[2002, 3, 4, 0.1212500000000003]
[2002, 4, 5, -0.012250000000000094]
[2002, 5, 6, -0.012666666666666604]
[2002, 6, 7, 0.01866666666666661]
[2002, 7, 8, -0.0013333333333334085]
[2002, 8, 9, 0.004833333333333245]
[2002, 9, 10, 0.045833333333333615]
[2002, 10, 11, -0.037000000000000144]
[2002, 11, 12, -0.016833333333333478]
[2003, 12, 1, 0.06983333333333341]
[2003, 1, 2, 0.17866666666666675]
[2003, 2, 3, 0.052999999999999936]
[2003, 3, 4, -0.11699999999999999]
[2003, 4, 5, -0.08533333333333326]
[2003, 5, 6, 0.004583333333333384]
[2003, 6, 7, 0.024083333333333234]
[2003, 7, 8, 0.1263333333333332]
[2003, 8, 9, 0.015833333333333366]
[2003, 9, 10, -0.10216666666666652]
[2003, 10, 11, -0.055333333333333456]
[2003, 11, 12, -0.027750000000000163]
[2004, 12, 1, 0.11541666666666694]
[2004, 1, 2, 0.06566666666666654]
[2004, 2, 3, 0.08266666666666667]
[2004, 3, 4, 0.06133333333333324]
[2004, 4, 5, 0.21316666666666695]
[2004, 5, 6, -0.06583333333333363]
[2004, 6, 7, -0.0323333333333331]
[2004, 7, 8, -0.041333333333333444]
[2004, 8, 9, 0.0006666666666668153]
[2004, 9, 10, 0.1433333333333331]
[2004, 10, 11, -0.052000000000000046]
[2004, 11, 12, -0.14599999999999969]
[2005, 12, 1, 0.023249999999999993]
[2005, 1, 2, 0.06541666666666668]
[2005, 2, 3, 0.19433333333333302]
[2005, 3, 4, 0.14633333333333365]
[2005, 4, 5, -0.10658333333333347]
[2005, 5, 6, 0.024583333333333623]
[2005, 6, 7, 0.1426666666666665]
[2005, 7, 8, 0.22325000000000017]
[2005, 8, 9, 0.3187499999999992]
[2005, 9, 10, -0.18324999999999925]
[2005, 10, 11, -0.44974999999999987]
[2005, 11, 12, -0.021666666666666945]
[2006, 12, 1, 0.1389166666666668]
[2006, 1, 2, -0.07525000000000004]
[2006, 2, 3, 0.1943333333333328]
[2006, 3, 4, 0.3390000000000004]
[2006, 4, 5, 0.11116666666666664]
[2006, 5, 6, -0.022166666666666668]
[2006, 6, 7, 0.10966666666666658]
[2006, 7, 8, -0.06666666666666599]
[2006, 8, 9, -0.4210000000000007]
[2006, 9, 10, -0.2735833333333333]
[2006, 10, 11, 0.009250000000000203]
[2006, 11, 12, 0.07933333333333303]
[2007, 12, 1, -0.09858333333333302]
[2007, 1, 2, 0.08624999999999972]
[2007, 2, 3, 0.2756666666666665]
[2007, 3, 4, 0.29833333333333334]
[2007, 4, 5, 0.29100000000000037]
[2007, 5, 6, -0.14766666666666683]
[2007, 6, 7, -0.05708333333333293]
[2007, 7, 8, -0.19591666666666718]
[2007, 8, 9, 0.036000000000000476]
[2007, 9, 10, 0.004666666666666597]
[2007, 10, 11, 0.2939999999999996]
[2007, 11, 12, -0.09124999999999961]
[2008, 12, 1, 0.013249999999999762]
[2008, 1, 2, 0.021333333333333204]
[2008, 2, 3, 0.21916666666666718]
[2008, 3, 4, 0.2358333333333329]
[2008, 4, 5, 0.31633333333333313]
[2008, 5, 6, 0.25958333333333394]
[2008, 6, 7, -0.027916666666667034]
[2008, 7, 8, -0.2986666666666671]
[2008, 8, 9, -0.03691666666666649]
[2008, 9, 10, -0.793416666666666]
[2008, 10, 11, -0.8456666666666668]
[2008, 11, 12, -0.4091666666666669]
[2009, 12, 1, 0.16083333333333316]
[2009, 1, 2, 0.1113333333333335]
[2009, 2, 3, 0.03133333333333321]
[2009, 3, 4, 0.08899999999999997]
[2009, 4, 5, 0.27233333333333354]
[2009, 5, 6, 0.32991666666666664]
[2009, 6, 7, -0.1549166666666668]
[2009, 7, 8, 0.13166666666666682]
[2009, 8, 9, -0.08733333333333304]
[2009, 9, 10, 0.034333333333333105]
[2009, 10, 11, 0.06349999999999989]
[2009, 11, 12, -0.04150000000000009]
[2010, 12, 1, 0.13166666666666638]
[2010, 1, 2, -0.09233333333333293]
[2010, 2, 3, 0.14816666666666656]
[2010, 3, 4, 0.06550000000000011]
[2010, 4, 5, -0.031500000000000306]
[2010, 5, 6, -0.0888333333333331]
[2010, 6, 7, -0.0043333333333333]
[2010, 7, 8, -0.0003333333333332966]
[2010, 8, 9, -0.0173333333333332]
[2010, 9, 10, 0.11133333333333306]
[2010, 10, 11, 0.050000000000000266]
[2010, 11, 12, 0.1333333333333333]
[2011, 12, 1, 0.09516666666666618]
[2011, 1, 2, 0.1358333333333337]
[2011, 2, 3, 0.33899999999999997]
[2011, 3, 4, 0.2609999999999997]
[2011, 4, 5, 0.05566666666666675]
[2011, 5, 6, -0.24399999999999977]
[2011, 6, 7, 0.026333333333333542]
[2011, 7, 8, -0.05033333333333356]
[2011, 8, 9, -0.031333333333333435]
[2011, 9, 10, -0.13666666666666671]
[2011, 10, 11, -0.07999999999999963]
[2011, 11, 12, -0.11233333333333384]
[2012, 12, 1, 0.14283333333333337]
[2012, 1, 2, 0.21150000000000047]
[2012, 2, 3, 0.25466666666666704]
[2012, 3, 4, 0.02208333333333279]
[2012, 4, 5, -0.17708333333333348]
[2012, 5, 6, -0.20100000000000007]
[2012, 6, 7, -0.05166666666666675]
[2012, 7, 8, 0.28733333333333366]
[2012, 8, 9, 0.10533333333333328]
[2012, 9, 10, -0.11316666666666642]
[2012, 10, 11, -0.29183333333333383]
[2012, 11, 12, -0.1466666666666665]
[2013, 12, 1, 0.036666666666666625]
[2013, 1, 2, 0.3833333333333333]
[2013, 2, 3, -0.016999999999999904]
[2013, 3, 4, -0.14374999999999982]
[2013, 4, 5, 0.0800833333333335]
[2013, 5, 6, -0.016333333333333755]
[2013, 6, 7, 0.001000000000000334]
[2013, 7, 8, -0.058000000000000274]
[2013, 8, 9, -0.04024999999999945]
